80000100000002.0
80000100000003.0
80000100000004.0
80000100000007.0
80000100000008.0
80000100000009.0
80000100000010.0
80000100000011.0
80000100000012.0
80000100000013.0
80000100000015.0
80000100000016.0
80000100000017.0
80000100000018.0
80000100000019.0
80000100000020.0
80000100000021.0
80000100000022.0
80000100000023.0
80000100000024.0
80000100000084.0
80000100000086.0
80000100000111.0
80000100000113.0
80000100000122.0
80000100000124.0
80000100000127.0
80000100000134.0
80000100000136.0
80000100000137.0
80000100000138.0
80000100000146.0
80000100000148.0
80000100000150.0
80000100000154.0
80000100000157.0
80000100000162.0
80000100000163.0
80000100000172.0
80000100000174.0
80000100000176.0
80000100000177.0
80000100000178.0
80000100000184.0
80000100000186.0
80000100000196.0
80000100000199.0
80000100000200.0
80000100000201.0
80000100000208.0
80000100000210.0
80000100000221.0
80000100000222.0
80000100000223.0
80000100000225.0
80000100000226.0
80000100000227.0
80000100000232.0
80000100000233.0
80000100000237.0
80000100000249.0
80000100000250.0
80000100000253.0
80000100000258.0
80000100000260.0
80000100000262.0
80000100000264.0
80000100000265.0
80000100000268.0
80000100000270.0
80000100000275.0
80000100000291.0
80000100000294.0
80000100000296.0
80000100000297.0
80000100000304.0
80000100000327.0
80000100000342.0
80000100000366.0
80000100000377.0
80000100000390.0
80000100000403.0
80000100000404.0
80000100000423.0
80000100000424.0
80000100000426.0
80000100000436.0
80000100000446.0
80000100000448.0
80000100000454.0
80000100000457.0
80000100000462.0
80000100000473.0
80000100000479.0
80000100000495.0
80000100000501.0
80000100000502.0
80000100000513.0
80000100000514.0
80000100000515.0
80000100000516.0
80000100000517.0
80000100000518.0
80000100000519.0
80000100000521.0
80000100000522.0
80000100000523.0
80000100000524.0
80000100000525.0
80000100000526.0
80000100000527.0
80000100000528.0
80000100000529.0
80000100000530.0
80000100000532.0
80000100000533.0
80000100000534.0
80000100000535.0
80000100000536.0
80000100000537.0
80000100000538.0
80000100000539.0
80000100000540.0
80000100000541.0
80000100000567.0
80000100000604.0
80000100000622.0
80000100000633.0
80000100000636.0
80000100000637.0
80000100000641.0
80000100000651.0
80000100000652.0
80000100000653.0
80000100000655.0
80000100000656.0
80000100000662.0
80000100000663.0
80000100000666.0
80000100000667.0
80000100000671.0
80000100000673.0
80000100000679.0
80000100000680.0
80000100000682.0
80000100000683.0
80000100000686.0
80000100000687.0
80000100000688.0
80000100000692.0
80000100000699.0
80000100000700.0
80000100000708.0
80000100000711.0
80000100000719.0
80000100000720.0
80000100000721.0
80000100000726.0
80000100000727.0
80000100000728.0
80000100000735.0
80000100000736.0
80000100000741.0
80000100000743.0
80000100000748.0
80000100000749.0
80000100000756.0
80000100000757.0
80000100000759.0
80000100000760.0
80000100000764.0
80000100000767.0
80000100000770.0
80000100000771.0
80000100000772.0
80000100000776.0
80000100000779.0
80000100000781.0
80000100000782.0
80000100000786.0
80000100000794.0
80000100000795.0
80000100000802.0
80000100000817.0
80000100000820.0
80000100000825.0
80000100000829.0
80000100000831.0
80000100000832.0
80000100000833.0
80000100000834.0
80000100000841.0
80000100000842.0
80000100000843.0
80000100000844.0
80000100000891.0
80000100000902.0
80000100000911.0
80000100000921.0
80000100000922.0
80000100000935.0
80000100000952.0
80000100000953.0
80000100000954.0
80000100000972.0
80000100000981.0
80000100000989.0
80000100000997.0
80000100001039.0
80000100001059.0
80000100001060.0
80000100001062.0
80000100001063.0
80000100001064.0
80000100001065.0
80000100001066.0
80000100001067.0
80000100001068.0
80000100001070.0
80000100001071.0
80000100001072.0
80000100001073.0
80000100001074.0
80000100001075.0
80000100001076.0
80000100001077.0
80000100001078.0
80000100001079.0
80000100001081.0
80000100001082.0
80000100001083.0
80000100001084.0
80000100001085.0
80000100001086.0
80000100001087.0
80000100001088.0
80000100001169.0
80000100001174.0
80000100001177.0
80000100001179.0
80000100001182.0
80000100001183.0
80000100001188.0
80000100001189.0
80000100001190.0
80000100001198.0
80000100001200.0
80000100001201.0
80000100001205.0
80000100001212.0
80000100001213.0
80000100001214.0
80000100001217.0
80000100001218.0
80000100001219.0
80000100001223.0
80000100001231.0
80000100001232.0
80000100001237.0
80000100001238.0
80000100001240.0
80000100001241.0
80000100001242.0
80000100001243.0
80000100001249.0
80000100001250.0
80000100001251.0
80000100001254.0
80000100001255.0
80000100001256.0
80000100001260.0
80000100001265.0
80000100001266.0
80000100001273.0
80000100001276.0
80000100001282.0
80000100001287.0
80000100001289.0
80000100001290.0
80000100001294.0
80000100001296.0
80000100001297.0
80000100001299.0
80000100001300.0
80000100001306.0
80000100001309.0
80000100001310.0
80000100001312.0
80000100001321.0
80000100001327.0
80000100001330.0
80000100001331.0
80000100001339.0
80000100001349.0
80000100001360.0
80000100001365.0
80000100001373.0
80000100001397.0
80000100001398.0
80000100001402.0
80000100001429.0
80000100001444.0
80000100001446.0
80000100001447.0
80000100001459.0
80000100001467.0
80000100001480.0
80000100001483.0
80000100001488.0
80000100001501.0
80000100001503.0
80000100001510.0
80000100001518.0
80000100001523.0
80000100001571.0
80000100001574.0
80000100001575.0
80000100001576.0
80000100001578.0
80000100001579.0
80000100001580.0
80000100001581.0
80000100001582.0
80000100001583.0
80000100001584.0
80000100001585.0
80000100001586.0
80000100001587.0
80000100001588.0
80000100001589.0
80000100001590.0
80000100001591.0
80000100001592.0
80000100001593.0
80000100001595.0
80000100001596.0
80000100001649.0
80000100001687.0
80000100001688.0
80000100001693.0
80000100001700.0
80000100001705.0
80000100001707.0
80000100001708.0
80000100001709.0
80000100001715.0
80000100001717.0
80000100001719.0
80000100001721.0
80000100001727.0
80000100001739.0
80000100001745.0
80000100001751.0
80000100001753.0
80000100001754.0
80000100001762.0
80000100001763.0
80000100001773.0
80000100001776.0
80000100001780.0
80000100001783.0
80000100001788.0
80000100001789.0
80000100001790.0
80000100001798.0
80000100001801.0
80000100001802.0
80000100001805.0
80000100001806.0
80000100001808.0
80000100001814.0
80000100001818.0
80000100001820.0
80000100001821.0
80000100001822.0
80000100001823.0
80000100001824.0
80000100001829.0
80000100001831.0
80000100001832.0
80000100001833.0
80000100001835.0
80000100001841.0
80000100001846.0
80000100001851.0
80000100001853.0
80000100001854.0
80000100001855.0
80000100001862.0
80000100001876.0
80000100001877.0
80000100001880.0
80000100001883.0
80000100001886.0
80000100001888.0
80000100001891.0
80000100001896.0
80000100001898.0
80000100001925.0
80000100001926.0
80000100001941.0
80000100001942.0
80000100001945.0
80000100001960.0
80000100001962.0
80000100001977.0
80000100001978.0
80000100001979.0
80000100002018.0
80000100002025.0
80000100002032.0
80000100002044.0
80000100002056.0
80000100002075.0
80000100002076.0
80000100002078.0
80000100002079.0
80000100002080.0
80000100002081.0
80000100002082.0
80000100002083.0
80000100002084.0
80000100002085.0
80000100002086.0
80000100002087.0
80000100002088.0
80000100002089.0
80000100002090.0
80000100002091.0
80000100002092.0
80000100002093.0
80000100002094.0
80000100002096.0
80000100002097.0
80000100002098.0
80000100002099.0
80000100002100.0
80000100002101.0
80000100002103.0
80000100002104.0
80000100002174.0
80000100002175.0
80000100002183.0
80000100002205.0
80000100002214.0
80000100002215.0
80000100002219.0
80000100002220.0
80000100002233.0
80000100002235.0
80000100002241.0
80000100002248.0
80000100002251.0
80000100002252.0
80000100002253.0
80000100002256.0
80000100002262.0
80000100002264.0
80000100002266.0
80000100002272.0
80000100002273.0
80000100002274.0
80000100002275.0
80000100002281.0
80000100002283.0
80000100002298.0
80000100002305.0
80000100002306.0
80000100002308.0
80000100002318.0
80000100002326.0
80000100002327.0
80000100002329.0
80000100002331.0
80000100002333.0
80000100002334.0
80000100002335.0
80000100002336.0
80000100002337.0
80000100002340.0
80000100002344.0
80000100002352.0
80000100002354.0
80000100002360.0
80000100002362.0
80000100002364.0
80000100002365.0
80000100002366.0
80000100002372.0
80000100002379.0
80000100002386.0
80000100002387.0
80000100002388.0
80000100002398.0
80000100002399.0
80000100002404.0
80000100002405.0
80000100002408.0
80000100002409.0
80000100002410.0
80000100002412.0
80000100002413.0
80000100002423.0
80000100002424.0
80000100002451.0
80000100002463.0
80000100002475.0
80000100002495.0
80000100002502.0
80000100002509.0
80000100002521.0
80000100002547.0
80000100002553.0
80000100002584.0
80000100002591.0
80000100002592.0
80000100002593.0
80000100002594.0
80000100002595.0
80000100002596.0
80000100002597.0
80000100002598.0
80000100002599.0
80000100002600.0
80000100002601.0
80000100002602.0
80000100002603.0
80000100002604.0
80000100002605.0
80000100002606.0
80000100002607.0
80000100002608.0
80000100002609.0
80000100002610.0
80000100002611.0
80000100002612.0
80000100002613.0
80000100002614.0
80000100002615.0
80000100002616.0
80000100002618.0
80000100002619.0
80000100002620.0
80000100002621.0
80000100002622.0
80000100002623.0
80000100002626.0
80000100002627.0
80000100002700.0
80000100002701.0
80000100002706.0
80000100002718.0
80000100002719.0
80000100002724.0
80000100002726.0
80000100002727.0
80000100002740.0
80000100002743.0
80000100002748.0
80000100002751.0
80000100002755.0
80000100002757.0
80000100002759.0
80000100002760.0
80000100002761.0
80000100002763.0
80000100002767.0
80000100002768.0
80000100002770.0
80000100002773.0
80000100002774.0
80000100002778.0
80000100002784.0
80000100002786.0
80000100002787.0
80000100002789.0
80000100002794.0
80000100002801.0
80000100002802.0
80000100002803.0
80000100002804.0
80000100002807.0
80000100002810.0
80000100002814.0
80000100002817.0
80000100002818.0
80000100002828.0
80000100002830.0
80000100002831.0
80000100002832.0
80000100002835.0
80000100002836.0
80000100002837.0
80000100002838.0
80000100002843.0
80000100002845.0
80000100002851.0
80000100002853.0
80000100002854.0
80000100002857.0
80000100002865.0
80000100002866.0
80000100002867.0
80000100002868.0
80000100002871.0
80000100002872.0
80000100002875.0
80000100002892.0
80000100002895.0
80000100002897.0
80000100002898.0
80000100002901.0
80000100002903.0
80000100002904.0
80000100002905.0
80000100002906.0
80000100002911.0
80000100002916.0
80000100002917.0
80000100002935.0
80000100002940.0
80000100002941.0
80000100002967.0
80000100002968.0
80000100002970.0
80000100002989.0
80000100002991.0
80000100002994.0
80000100003006.0
80000100003014.0
80000100003021.0
80000100003029.0
80000100003030.0
80000100003034.0
80000100003040.0
80000100003044.0
80000100003045.0
80000100003049.0
80000100003070.0
80000100003071.0
80000100003082.0
80000100003095.0
80000100003096.0
80000100003097.0
80000100003098.0
80000100003099.0
80000100003100.0
80000100003101.0
80000100003102.0
80000100003103.0
80000100003104.0
80000100003105.0
80000100003106.0
80000100003107.0
80000100003108.0
80000100003109.0
80000100003110.0
80000100003111.0
80000100003112.0
80000100003113.0
80000100003114.0
80000100003116.0
80000100003117.0
80000100003118.0
80000100003119.0
80000100003120.0
80000100003122.0
80000100003200.0
80000100003204.0
80000100003208.0
80000100003213.0
80000100003216.0
80000100003222.0
80000100003224.0
80000100003231.0
80000100003232.0
80000100003235.0
80000100003238.0
80000100003241.0
80000100003242.0
80000100003254.0
80000100003256.0
80000100003260.0
80000100003261.0
80000100003263.0
80000100003265.0
80000100003271.0
80000100003279.0
80000100003281.0
80000100003289.0
80000100003301.0
80000100003303.0
80000100003304.0
80000100003305.0
80000100003306.0
80000100003313.0
80000100003315.0
80000100003317.0
80000100003319.0
80000100003323.0
80000100003324.0
80000100003331.0
80000100003333.0
80000100003335.0
80000100003343.0
80000100003349.0
80000100003354.0
80000100003357.0
80000100003358.0
80000100003362.0
80000100003370.0
80000100003373.0
80000100003374.0
80000100003375.0
80000100003377.0
80000100003378.0
80000100003379.0
80000100003380.0
80000100003390.0
80000100003405.0
80000100003408.0
80000100003413.0
80000100003426.0
80000100003427.0
80000100003439.0
80000100003455.0
80000100003457.0
80000100003458.0
80000100003466.0
80000100003471.0
80000100003475.0
80000100003477.0
80000100003487.0
80000100003488.0
80000100003489.0
80000100003522.0
80000100003538.0
80000100003557.0
80000100003558.0
80000100003559.0
80000100003560.0
80000100003561.0
80000100003563.0
80000100003564.0
80000100003565.0
80000100003566.0
80000100003567.0
80000100003568.0
80000100003569.0
80000100003570.0
80000100003571.0
80000100003572.0
80000100003573.0
80000100003630.0
80000100003657.0
80000100003659.0
80000100003670.0
80000100003671.0
80000100003672.0
80000100003682.0
80000100003684.0
80000100003686.0
80000100003687.0
80000100003690.0
80000100003697.0
80000100003698.0
80000100003701.0
80000100003703.0
80000100003704.0
80000100003705.0
80000100003707.0
80000100003710.0
80000100003714.0
80000100003715.0
80000100003720.0
80000100003722.0
80000100003724.0
80000100003725.0
80000100003727.0
80000100003731.0
80000100003733.0
80000100003742.0
80000100003743.0
80000100003747.0
80000100003749.0
80000100003755.0
80000100003760.0
80000100003762.0
80000100003763.0
80000100003766.0
80000100003767.0
80000100003769.0
80000100003773.0
80000100003774.0
80000100003775.0
80000100003788.0
80000100003789.0
80000100003793.0
80000100003794.0
80000100003799.0
80000100003803.0
80000100003804.0
80000100003805.0
80000100003810.0
80000100003813.0
80000100003814.0
80000100003815.0
80000100003816.0
80000100003819.0
80000100003821.0
80000100003825.0
80000100003831.0
80000100003833.0
80000100003841.0
80000100003849.0
80000100003854.0
80000100003856.0
80000100003857.0
80000100003858.0
80000100003862.0
80000100003864.0
80000100003883.0
80000100003890.0
80000100003891.0
80000100003903.0
80000100003923.0
80000100003927.0
80000100003930.0
80000100003932.0
80000100003937.0
80000100003938.0
80000100003956.0
80000100003957.0
80000100003963.0
80000100003969.0
80000100003971.0
80000100003979.0
80000100003982.0
80000100004002.0
80000100004003.0
80000200000001.0
80000200000002.0
80000200000003.0
80000200000004.0
80000200000005.0
80000200000006.0
80000200000007.0
80000200000008.0
80000200000010.0
80000200000011.0
80000200000012.0
80000200000015.0
80000200000045.0
80000200000052.0
80000200000053.0
80000200000059.0
80000200000070.0
80000200000074.0
80000200000075.0
80000200000076.0
80000200000077.0
80000200000085.0
80000200000086.0
80000200000091.0
80000200000094.0
80000200000095.0
80000200000100.0
80000200000103.0
80000200000106.0
80000200000114.0
80000200000116.0
80000200000119.0
80000200000121.0
80000200000139.0
80000200000141.0
80000200000143.0
80000200000147.0
80000200000160.0
80000200000191.0
80000200000234.0
80000200000237.0
80000200000250.0
80000200000269.0
80000200000272.0
80000200000280.0
80000200000286.0
80000200000290.0
80000200000295.0
80000200000306.0
80000200000307.0
80000200000315.0
80000200000316.0
80000200000319.0
80000200000326.0
80000200000333.0
80000200000334.0
80000200000344.0
80000200000353.0
80000200000355.0
80000200000370.0
80000200000371.0
80000200000372.0
80000200000373.0
80000200000374.0
80000200000375.0
80000200000376.0
80000200000377.0
80000200000379.0
80000200000384.0
80000200000403.0
80000200000418.0
80000200000432.0
80000200000447.0
80000200000452.0
80000200000453.0
80000200000461.0
80000200000462.0
80000200000464.0
80000200000465.0
80000200000476.0
80000200000479.0
80000200000481.0
80000200000486.0
80000200000502.0
80000200000509.0
80000200000523.0
80000200000532.0
80000200000534.0
80000200000562.0
80000200000565.0
80000200000589.0
80000200000604.0
80000200000608.0
80000200000614.0
80000200000621.0
80000200000623.0
80000200000631.0
80000200000641.0
80000200000648.0
80000200000653.0
80000200000654.0
80000200000655.0
80000200000669.0
80000200000671.0
80000200000679.0
80000200000690.0
80000200000702.0
80000200000703.0
80000200000705.0
80000200000707.0
80000200000709.0
80000200000714.0
80000200000715.0
80000200000720.0
80000200000724.0
80000200000725.0
80000200000727.0
80000200000739.0
80000200000740.0
80000200000741.0
80000200000742.0
80000200000743.0
80000200000744.0
80000200000745.0
80000200000746.0
80000200000753.0
80000200000772.0
80000200000781.0
80000200000792.0
80000200000798.0
80000200000802.0
80000200000805.0
80000200000818.0
80000200000820.0
80000200000823.0
80000200000824.0
80000200000825.0
80000200000833.0
80000200000836.0
80000200000838.0
80000200000839.0
80000200000843.0
80000200000846.0
80000200000856.0
80000200000865.0
80000200000884.0
80000200000904.0
80000200000908.0
80000200000921.0
80000200000935.0
80000200000941.0
80000200000944.0
80000200000947.0
80000200000965.0
80000200000969.0
80000200000972.0
80000200000994.0
80000200001003.0
80000200001008.0
80000200001015.0
